0 20,
0 20 1 15,
0 30 1 10 2 20,
1 15 0 30,
2 40,
3 20 0 30,
3 30 0 25 1 20,
3 25 4 25 2 40,
1 25 4 25,
5 30 0 50,
1 30 6 30,
5 40 2 65 6 20,
5 60 6 45,
5 40 3 50,
0 45 3 45 5 45,
2 80,
0 60 1 40,
3 45 4 30,
5 45 6 30,
1 45 4 45 6 45,
2 100,
0 75 4 35,
3 50 6 35,
5 50 1 35,
0 70 3 50 5 50,
2 120,
2 65 1 35,
3 50,
0 80,
1 55 4 55 6 55,
2 130,
5 60 6 30,
0 85 1 40,
3 60 4 40,
0 90 3 70 5 70,
2 150,
1 45 2 100,
4 45 2 25,
6 45 2 30,
0 100 3 80 5 80,
1 60,
2 170,
4 60,
6 60,
0 110,
3 100,
5 100,
1 60 4 60,
6 60 2 180,
0 200,