0 20,
0 20 1 15,
0 30 1 10 2 20,
1 15 0 30,
2 40,
3 20 0 30,
3 30 0 25 1 20,
3 25 4 25 2 40,
1 25 4 25,
5 30 0 50,
1 20 6 30,
5 40 2 65 6 20,
5 60 6 45,
5 40 3 50,
0 45 3 45 5 45,
2 80,
0 60 1 30,
3 45 4 30,
5 45 6 30,
1 45 4 45 6 45,
2 100,
0 75 4 25,
3 50 6 25,
5 50 1 25,
0 70 3 50 5 50,
2 120,
2 65 1 25,
3 50,
0 80,
1 40 4 40 6 40,
2 130,
5 60 6 30,
0 100 1 30,
3 60 4 40,
0 120 3 100 5 100,
2 150,
1 40 3 25,
4 40 0 50,
6 40 5 30,
0 120 3 100 5 100,
0 60 1 40,
2 120,
4 50,
6 50,
0 150,
3 150,
5 150,
1 50 4 50,
6 50 2 180,
0 300 3 300 6 300,